0,(-5.007, -1.5, -4.35),(0, 0, 0, 1)
0.02,(-5.007, -1.5, -4.35),(0, 0, 0, 1)
0.3533334,(-5.007, -1.5, -4.35),(0, 0, 0, 1)
0.6599806,(-5.007, -1.5, -4.35),(0, 0, 0, 1)
0.6974946,(-5.007, -1.5, -4.35),(0, 0, 0, 1)
0.719256,(-5.007, -1.5, -4.35),(0, 0, 0, 1)
0.7388922,(-5.007, -1.5, -4.35),(0, 0, 0, 1)
0.7606905,(-5.007, -1.5, -4.35),(0, 0, 0, 1)
0.7821635,(-5.007, -1.5, -4.35),(0, 0, 0, 1)
0.8045965,(-5.007, -1.5, -4.35),(0, 0, 0, 1)
0.8268664,(-5.007, -1.5, -4.35),(0, 0, 0, 1)
0.8462775,(-5.007, -1.5, -4.35),(0, 0, 0, 1)
0.86566,(-5.007, -1.5, -4.35),(0, 0, 0, 1)
0.8876815,(-5.007, -1.5, -4.35),(0, 0, 0, 1)
0.9071676,(-5.007, -1.5, -4.35),(0, 0, 0, 1)
0.9264528,(-5.007, -1.5, -4.35),(0, 0, 0, 1)
0.9453539,(-5.007, -1.5, -4.35),(0, 0, 0, 1)
0.964277,(-5.007, -1.5, -4.35),(0, 0, 0, 1)
0.9834457,(-5.007, -1.5, -4.35),(0, 0, 0, 1)
1.002902,(-5.007, -1.5, -4.35),(0, 0, 0, 1)
1.022117,(-5.007, -1.5, -4.35),(0, 0, 0, 1)
1.041054,(-5.007, -1.5, -4.35),(0, 0, 0, 1)
1.062827,(-5.007, -1.5, -4.35),(0, 0, 0, 1)
1.082193,(-5.007, -1.5, -4.35),(0, 0, 0, 1)
1.105205,(-5.007, -1.5, -4.35),(0, 0, 0, 1)
1.124452,(-5.007, -1.5, -4.35),(0, 0, 0, 1)
1.143735,(-5.007, -1.5, -4.35),(0, 0, 0, 1)
1.162679,(-5.007, -1.5, -4.35),(0, 0, 0, 1)
1.18179,(-5.007, -1.5, -4.35),(0, 0, 0, 1)
1.201212,(-5.007, -1.5, -4.35),(0, 0, 0, 1)
1.220726,(-5.007, -1.5, -4.35),(0, 0, 0, 1)
1.240643,(-5.007, -1.5, -4.35),(0, 0, 0, 1)
1.259732,(-5.007, -1.5, -4.35),(0, 0, 0, 1)
1.279291,(-5.007, -1.5, -4.35),(0, 0, 0, 1)
1.300329,(-5.007, -1.5, -4.35),(0, 0, 0, 1)
1.323716,(-5.007, -1.5, -4.35),(0, 0, 0, 1)
1.343129,(-5.007, -1.5, -4.35),(0, 0, 0, 1)
1.363706,(-5.007, -1.5, -4.35),(0, 0, 0, 1)
1.383663,(-5.007, -1.5, -4.35),(0, 0, 0, 1)
1.403139,(-5.007, -1.5, -4.35),(0, 0, 0, 1)
1.422763,(-5.007, -1.5, -4.35),(0, 0, 0, 1)
1.442173,(-5.007, -1.5, -4.35),(0, 0, 0, 1)
1.461734,(-5.007, -1.5, -4.35),(0, 0, 0, 1)
1.480783,(-5.007, -1.5, -4.35),(0, 0, 0, 1)
1.499996,(-5.007, -1.5, -4.35),(0, 0, 0, 1)
1.519264,(-5.007, -1.5, -4.35),(0, 0, 0, 1)
1.552453,(-5.007, -1.5, -4.35),(0, 0, 0, 1)
1.582003,(-5.007, -1.5, -4.35),(0, 0, 0, 1)
1.610866,(-5.007, -1.5, -4.35),(0, 0, 0, 1)
1.633969,(-5.007, -1.5, -4.35),(0, 0, 0, 1)
1.654235,(-5.007, -1.5, -4.35),(0, 0, 0, 1)
1.674319,(-5.007, -1.5, -4.35),(0, 0, 0, 1)
1.696371,(-5.007, -1.5, -4.35),(0, 0, 0, 1)
1.71593,(-5.007, -1.5, -4.35),(0, 0, 0, 1)
1.735844,(-5.007, -1.5, -4.35),(0, 0, 0, 1)
1.758335,(-5.007, -1.5, -4.35),(0, 0, 0, 1)
1.777797,(-5.007, -1.5, -4.35),(0, 0, 0, 1)
1.797193,(-5.007, -1.5, -4.35),(0, 0, 0, 1)
1.816251,(-5.007, -1.5, -4.35),(0, 0, 0, 1)
1.835695,(-5.007, -1.5, -4.35),(0, 0, 0, 1)
1.856062,(-5.007, -1.5, -4.35),(0, 0, 0, 1)
1.874977,(-5.007, -1.5, -4.35),(0, 0, 0, 1)
1.893648,(-5.007, -1.5, -4.35),(0, 0, 0, 1)
1.912368,(-5.007, -1.5, -4.35),(0, 0, 0, 1)
1.931298,(-5.007, -1.5, -4.35),(0, 0, 0, 1)
1.950441,(-5.007, -1.5, -4.35),(0, 0, 0, 1)
1.971988,(-5.007, -1.5, -4.35),(0, 0, 0, 1)
1.990665,(-5.007, -1.5, -4.35),(0, 0, 0, 1)
2.009469,(-5.007, -1.5, -4.35),(0, 0, 0, 1)
2.028295,(-5.007, -1.5, -4.35),(0, 0, 0, 1)
2.047691,(-5.007, -1.5, -4.35),(0, 0, 0, 1)
2.066875,(-5.007, -1.5, -4.35),(0, 0, 0, 1)
2.086084,(-5.007, -1.5, -4.35),(0, 0, 0, 1)
2.105428,(-5.007, -1.5, -4.35),(0, 0, 0, 1)
2.124953,(-5.007, -1.5, -4.35),(0, 0, 0, 1)
2.144161,(-5.007, -1.5, -4.35),(0, 0, 0, 1)
2.163587,(-5.007, -1.5, -4.35),(0, 0, 0, 1)
2.185978,(-5.007, -1.5, -4.35),(0, 0, 0, 1)
2.20535,(-5.007, -1.5, -4.35),(0, 0, 0, 1)
2.224619,(-5.007, -1.5, -4.35),(0, 0, 0, 1)
2.243851,(-5.007, -1.5, -4.35),(0, 0, 0, 1)
2.263234,(-5.007, -1.5, -4.35),(0, 0, 0, 1)
2.285218,(-5.007, -1.5, -4.35),(0, 0, 0, 1)
2.305395,(-5.007, -1.5, -4.35),(0, 0, 0, 1)
2.324269,(-5.007, -1.5, -4.35),(0, 0, 0, 1)
2.343094,(-5.007, -1.5, -4.35),(0, 0, 0, 1)
2.361816,(-5.007, -1.5, -4.35),(0, 0, 0, 1)
2.380781,(-5.007, -1.5, -4.35),(0, 0, 0, 1)
2.403326,(-5.007, -1.5, -4.35),(0, 0, 0, 1)
2.422747,(-5.007, -1.5, -4.35),(0, 0, 0, 1)
2.441809,(-5.007, -1.5, -4.35),(0, 0, 0, 1)
2.460767,(-5.007, -1.5, -4.35),(0, 0, 0, 1)
2.479875,(-5.007, -1.5, -4.35),(0, 0, 0, 1)
2.499121,(-5.007, -1.5, -4.35),(0, 0, 0, 1)
2.518271,(-5.007, -1.5, -4.35),(0, 0, 0, 1)
2.537235,(-5.007, -1.5, -4.35),(0, 0, 0, 1)
2.556999,(-5.007, -1.5, -4.35),(0, 0, 0, 1)
2.576636,(-5.007, -1.5, -4.35),(0, 0, 0, 1)
2.596271,(-5.007, -1.5, -4.35),(0, 0, 0, 1)
2.619732,(-5.007, -1.5, -4.35),(0, 0, 0, 1)
2.6394,(-5.007, -1.5, -4.35),(0, 0, 0, 1)
2.65867,(-5.007, -1.5, -4.35),(0, 0, 0, 1)
2.678023,(-5.007, -1.5, -4.35),(0, 0, 0, 1)
2.69723,(-5.007, -1.5, -4.35),(0, 0, 0, 1)
2.7165,(-5.007, -1.5, -4.35),(0, 0, 0, 1)
2.735785,(-5.007, -1.5, -4.35),(0, 0, 0, 1)
2.755029,(-5.007, -1.5, -4.35),(0, 0, 0, 1)
2.774034,(-5.007, -1.5, -4.35),(0, 0, 0, 1)
2.793164,(-5.007, -1.5, -4.35),(0, 0, 0, 1)
2.812394,(-5.007, -1.5, -4.35),(0, 0, 0, 1)
2.834441,(-5.007, -1.5, -4.35),(0, 0, 0, 1)
2.856355,(-5.007, -1.5, -4.35),(0, 0, 0, 1)
2.875514,(-5.007, -1.5, -4.35),(0, 0, 0, 1)
2.897303,(-5.007, -1.5, -4.35),(0, 0, 0, 1)
2.916066,(-5.007, -1.5, -4.35),(0, 0, 0, 1)
2.942553,(-5.007, -1.5, -4.35),(0, 0, 0, 1)
2.968594,(-5.007, -1.5, -4.35),(0, 0, 0, 1)
2.988149,(-5.007, -1.5, -4.35),(0, 0, 0, 1)
3.00702,(-5.007, -1.5, -4.35),(0, 0, 0, 1)
3.025826,(-5.007, -1.5, -4.35),(0, 0, 0, 1)
3.048245,(-5.007, -1.5, -4.35),(0, 0, 0, 1)
3.068178,(-5.007, -1.5, -4.35),(0, 0, 0, 1)
3.087971,(-5.007, -1.5, -4.35),(0, 0, 0, 1)
3.107368,(-5.007, -1.5, -4.35),(0, 0, 0, 1)
3.126721,(-5.007, -1.5, -4.35),(0, 0, 0, 1)
3.146757,(-5.007, -1.5, -4.35),(0, 0, 0, 1)
3.166534,(-5.007, -1.5, -4.35),(0, 0, 0, 1)
3.18617,(-5.007, -1.5, -4.35),(0, 0, 0, 1)
3.205868,(-5.007, -1.5, -4.35),(0, 0, 0, 1)
3.224963,(-5.007, -1.5, -4.35),(0, 0, 0, 1)
3.244252,(-5.007, -1.5, -4.35),(0, 0, 0, 1)
3.267374,(-5.007, -1.5, -4.35),(0, 0, 0, 1)
3.296315,(-5.007, -1.5, -4.35),(0, 0, 0, 1)
3.330478,(-5.007, -1.5, -4.35),(0, 0, 0, 1)
3.350018,(-5.007, -1.5, -4.35),(0, 0, 0, 1)
3.369393,(-5.007, -1.5, -4.35),(0, 0, 0, 1)
3.38828,(-5.007, -1.5, -4.35),(0, 0, 0, 1)
3.407041,(-5.007, -1.5, -4.35),(0, 0, 0, 1)
3.42601,(-5.007, -1.5, -4.35),(0, 0, 0, 1)
3.444812,(-5.007, -1.5, -4.35),(0, 0, 0, 1)
3.473479,(-5.007, -1.5, -4.35),(0, 0, 0, 1)
3.505312,(-5.007, -1.5, -4.35),(0, 0, 0, 1)
3.528532,(-5.007, -1.5, -4.35),(0, 0, 0, 1)
3.548244,(-5.007, -1.5, -4.35),(0, 0, 0, 1)
3.56775,(-5.007, -1.5, -4.35),(0, 0, 0, 1)
3.588952,(-5.007, -1.5, -4.35),(0, 0, 0, 1)
3.608523,(-5.007, -1.5, -4.35),(0, 0, 0, 1)
3.627772,(-5.007, -1.5, -4.35),(0, 0, 0, 1)
3.647342,(-5.007, -1.5, -4.35),(0, 0, 0, 1)
3.670408,(-5.007, -1.5, -4.35),(0, 0, 0, 1)
3.690374,(-5.007, -1.5, -4.35),(0, 0, 0, 1)
3.709597,(-5.007, -1.5, -4.35),(0, 0, 0, 1)
3.729053,(-5.007, -1.5, -4.35),(0, 0, 0, 1)
3.748587,(-5.007, -1.5, -4.35),(0, 0, 0, 1)
3.768073,(-5.007, -1.5, -4.35),(0, 0, 0, 1)
3.792457,(-5.007, -1.5, -4.35),(0, 0, 0, 1)
3.81131,(-5.007, -1.5, -4.35),(0, 0, 0, 1)
3.830557,(-5.007, -1.5, -4.35),(0, 0, 0, 1)
3.849966,(-5.007, -1.5, -4.35),(0, 0, 0, 1)
3.871624,(-5.007, -1.5, -4.35),(0, 0, 0, 1)
3.890538,(-5.007, -1.5, -4.35),(0, 0, 0, 1)
3.909407,(-5.007, -1.5, -4.35),(0, 0, 0, 1)
3.928208,(-5.007, -1.5, -4.35),(0, 0, 0, 1)
3.94728,(-5.007, -1.5, -4.35),(0, 0, 0, 1)
3.966377,(-5.007, -1.5, -4.35),(0, 0, 0, 1)
3.98529,(-5.007, -1.5, -4.35),(0, 0, 0, 1)
4.004225,(-5.007, -1.5, -4.35),(0, 0, 0, 1)
4.022925,(-5.007, -1.5, -4.35),(0, 0, 0, 1)
4.041747,(-5.007, -1.5, -4.35),(0, 0, 0, 1)
4.060473,(-5.007, -1.5, -4.35),(0, 0, 0, 1)
4.082496,(-5.007, -1.5, -4.35),(0, 0, 0, 1)
4.104684,(-5.007, -1.5, -4.35),(0, 0, 0, 1)
4.123975,(-5.007, -1.5, -4.35),(0, 0, 0, 1)
4.143097,(-5.007, -1.5, -4.35),(0, 0, 0, 1)
4.162381,(-5.007, -1.5, -4.35),(0, 0, 0, 1)
4.181594,(-5.007, -1.5, -4.35),(0, 0, 0, 1)
4.200672,(-5.007, -1.5, -4.35),(0, 0, 0, 1)
4.219989,(-5.007, -1.5, -4.35),(0, 0, 0, 1)
4.239293,(-5.007, -1.5, -4.35),(0, 0, 0, 1)
4.258904,(-5.007, -1.5, -4.35),(0, 0, 0, 1)
4.278562,(-5.007, -1.5, -4.35),(0, 0, 0, 1)
4.303429,(-5.007, -1.5, -4.35),(0, 0, 0, 1)
4.323779,(-5.007, -1.5, -4.35),(0, 0, 0, 1)
4.342978,(-5.007, -1.5, -4.35),(0, 0, 0, 1)
4.361844,(-5.007, -1.5, -4.35),(0, 0, 0, 1)
4.380507,(-5.007, -1.5, -4.35),(0, 0, 0, 1)
4.399062,(-5.007, -1.5, -4.35),(0, 0, 0, 1)
4.417665,(-5.007, -1.5, -4.35),(0, 0, 0, 1)
4.43623,(-5.007, -1.5, -4.35),(0, 0, 0, 1)
4.454797,(-5.007, -1.5, -4.35),(0, 0, 0, 1)
4.473296,(-5.007, -1.5, -4.35),(0, 0, 0, 1)
4.492003,(-5.007, -1.5, -4.35),(0, 0, 0, 1)
4.514294,(-5.007, -1.5, -4.35),(0, 0, 0, 1)
4.533728,(-5.007, -1.5, -4.35),(0, 0, 0, 1)
4.554045,(-5.007, -1.5, -4.35),(0, 0, 0, 1)
4.57352,(-5.007, -1.5, -4.35),(0, 0, 0, 1)
4.600249,(-5.007, -1.5, -4.35),(0, 0, 0, 1)
4.628917,(-5.007, -1.5, -4.35),(0, 0, 0, 1)
4.657322,(-5.007, -1.5, -4.35),(0, 0, 0, 1)
4.685717,(-5.007, -1.5, -4.35),(0, 0, 0, 1)
4.708979,(-5.007, -1.5, -4.35),(0, 0, 0, 1)
4.7337,(-5.007, -1.5, -4.35),(0, 0, 0, 1)
4.753098,(-5.007, -1.5, -4.35),(0, 0, 0, 1)
4.772336,(-5.007, -1.5, -4.35),(0, 0, 0, 1)
4.791607,(-5.007, -1.5, -4.35),(0, 0, 0, 1)
4.811129,(-5.007, -1.5, -4.35),(0, 0, 0, 1)
4.830073,(-5.007, -1.5, -4.35),(0, 0, 0, 1)
4.849073,(-5.007, -1.5, -4.35),(0, 0, 0, 1)
4.868187,(-5.007, -1.5, -4.35),(0, 0, 0, 1)
4.887522,(-5.007, -1.5, -4.35),(0, 0, 0, 1)
4.906907,(-5.007, -1.5, -4.35),(0, 0, 0, 1)
4.92584,(-5.007, -1.5, -4.35),(0, 0, 0, 1)
4.947127,(-5.007, -1.5, -4.35),(0, 0, 0, 1)
4.965939,(-5.007, -1.5, -4.35),(0, 0, 0, 1)
4.984651,(-5.007, -1.5, -4.35),(0, 0, 0, 1)
5.003243,(-5.007, -1.5, -4.35),(0, 0, 0, 1)
5.022495,(-5.007, -1.5, -4.35),(0, 0, 0, 1)
5.041319,(-5.007, -1.5, -4.35),(0, 0, 0, 1)
5.060114,(-5.007, -1.5, -4.35),(0, 0, 0, 1)
5.0792,(-5.007, -1.5, -4.35),(0, 0, 0, 1)
5.098397,(-5.007, -1.5, -4.35),(0, 0, 0, 1)
5.117495,(-5.007, -1.5, -4.35),(0, 0, 0, 1)
5.136458,(-5.007, -1.5, -4.35),(0, 0, 0, 1)
5.158063,(-5.007, -1.5, -4.35),(0, 0, 0, 1)
5.176978,(-5.007, -1.5, -4.35),(0, 0, 0, 1)
5.196003,(-5.007, -1.5, -4.35),(0, 0, 0, 1)
5.214957,(-5.007, -1.5, -4.35),(0, 0, 0, 1)
5.233994,(-5.007, -1.5, -4.35),(0, 0, 0, 1)
5.253526,(-5.007, -1.5, -4.35),(0, 0, 0, 1)
5.272918,(-5.007, -1.5, -4.35),(0, 0, 0, 1)
5.292601,(-5.007, -1.5, -4.35),(0, 0, 0, 1)
5.325957,(-5.007, -1.5, -4.35),(0, 0, 0, 1)
5.349032,(-5.007, -1.5, -4.35),(0, 0, 0, 1)
5.377181,(-5.007, -1.5, -4.35),(0, 0, 0, 1)
5.40023,(-5.007, -1.5, -4.35),(0, 0, 0, 1)
5.421832,(-5.007, -1.5, -4.35),(0, 0, 0, 1)
5.445295,(-5.007, -1.5, -4.35),(0, 0, 0, 1)
5.468866,(-5.007, -1.5, -4.35),(0, 0, 0, 1)
5.49281,(-5.007, -1.5, -4.35),(0, 0, 0, 1)
5.5192,(-5.007, -1.5, -4.35),(0, 0, 0, 1)
5.543427,(-5.007, -1.5, -4.35),(0, 0, 0, 1)
5.563371,(-5.007, -1.5, -4.35),(0, 0, 0, 1)
5.585253,(-5.007, -1.5, -4.35),(0, 0, 0, 1)
5.60488,(-5.007, -1.5, -4.35),(0, 0, 0, 1)
5.623691,(-5.007, -1.5, -4.35),(0, 0, 0, 1)
5.642817,(-5.007, -1.5, -4.35),(0, 0, 0, 1)
5.661717,(-5.007, -1.5, -4.35),(0, 0, 0, 1)
5.681144,(-5.007, -1.5, -4.35),(0, 0, 0, 1)
5.702906,(-5.007, -1.5, -4.35),(0, 0, 0, 1)
5.724274,(-5.007, -1.5, -4.35),(0, 0, 0, 1)
5.745656,(-5.007, -1.5, -4.35),(0, 0, 0, 1)
5.766845,(-5.007, -1.5, -4.35),(0, 0, 0, 1)
5.788075,(-5.007, -1.5, -4.35),(0, 0, 0, 1)
5.809704,(-5.007, -1.5, -4.35),(0, 0, 0, 1)
5.830895,(-5.007, -1.5, -4.35),(0, 0, 0, 1)
5.851897,(-5.007, -1.5, -4.35),(0, 0, 0, 1)
5.872657,(-5.007, -1.5, -4.35),(0, 0, 0, 1)
5.893735,(-5.007, -1.5, -4.35),(0, 0, 0, 1)
5.915238,(-5.007, -1.5, -4.35),(0, 0, 0, 1)
5.939355,(-5.007, -1.5, -4.35),(0, 0, 0, 1)
5.960494,(-5.007, -1.5, -4.35),(0, 0, 0, 1)
5.98164,(-5.007, -1.5, -4.35),(0, 0, 0, 1)
6.002839,(-5.007, -1.5, -4.35),(0, 0, 0, 1)
6.021649,(-5.007, -1.5, -4.35),(0, 0, 0, 1)
6.040295,(-5.007, -1.5, -4.35),(0, 0, 0, 1)
6.059021,(-5.007, -1.5, -4.35),(0, 0, 0, 1)
6.07772,(-5.007, -1.5, -4.35),(0, 0, 0, 1)
6.096649,(-5.007, -1.5, -4.35),(0, 0, 0, 1)
6.115672,(-5.007, -1.5, -4.35),(0, 0, 0, 1)
6.137321,(-5.007, -1.5, -4.35),(0, 0, 0, 1)
6.158944,(-5.007, -1.5, -4.35),(0, 0, 0, 1)
6.180292,(-5.007, -1.5, -4.35),(0, 0, 0, 1)
6.201715,(-5.007, -1.5, -4.35),(0, 0, 0, 1)
6.223063,(-5.007, -1.5, -4.35),(0, 0, 0, 1)
6.244019,(-5.007, -1.5, -4.35),(0, 0, 0, 1)
6.265885,(-5.007, -1.5, -4.35),(0, 0, 0, 1)
6.287662,(-5.007, -1.5, -4.35),(0, 0, 0, 1)
6.319908,(-5.007, -1.5, -4.35),(0, 0, 0, 1)
6.354357,(-5.007, -1.5, -4.35),(0, 0, 0, 1)
6.377697,(-5.007, -1.5, -4.35),(0, 0, 0, 1)
6.402166,(-5.007, -1.5, -4.35),(0, 0, 0, 1)
6.425522,(-5.007, -1.5, -4.35),(0, 0, 0, 1)
6.448043,(-5.007, -1.5, -4.35),(0, 0, 0, 1)
6.468781,(-5.007, -1.5, -4.35),(0, 0, 0, 1)
6.488542,(-5.007, -1.5, -4.35),(0, 0, 0, 1)
6.507997,(-5.007, -1.5, -4.35),(0, 0, 0, 1)
6.529914,(-5.007, -1.5, -4.35),(0, 0, 0, 1)
6.54956,(-5.007, -1.5, -4.35),(0, 0, 0, 1)
6.568534,(-5.007, -1.5, -4.35),(0, 0, 0, 1)
6.587624,(-5.007, -1.5, -4.35),(0, 0, 0, 1)
6.606538,(-5.007, -1.5, -4.35),(0, 0, 0, 1)
6.627916,(-5.007, -1.5, -4.35),(0, 0, 0, 1)
6.646606,(-5.007, -1.5, -4.35),(0, 0, 0, 1)
6.665203,(-5.007, -1.5, -4.35),(0, 0, 0, 1)
6.684206,(-5.007, -1.5, -4.35),(0, 0, 0, 1)
6.702929,(-5.007, -1.5, -4.35),(0, 0, 0, 1)
6.721845,(-5.007, -1.5, -4.35),(0, 0, 0, 1)
6.74073,(-5.007, -1.5, -4.35),(0, 0, 0, 1)
6.759347,(-5.007, -1.5, -4.35),(0, 0, 0, 1)
6.778495,(-5.007, -1.5, -4.35),(0, 0, 0, 1)
6.809974,(-5.007, -1.5, -4.35),(0, 0, 0, 1)
6.832209,(-5.007, -1.5, -4.35),(0, 0, 0, 1)
6.851232,(-5.007, -1.5, -4.35),(0, 0, 0, 1)
6.870116,(-5.007, -1.5, -4.35),(0, 0, 0, 1)
6.889033,(-5.007, -1.5, -4.35),(0, 0, 0, 1)
6.907956,(-5.007, -1.5, -4.35),(0, 0, 0, 1)
6.926725,(-5.007, -1.5, -4.35),(0, 0, 0, 1)
6.945816,(-5.007, -1.5, -4.35),(0, 0, 0, 1)
6.964476,(-5.007, -1.5, -4.35),(0, 0, 0, 1)
6.983161,(-5.007, -1.5, -4.35),(0, 0, 0, 1)
7.00196,(-5.007, -1.5, -4.35),(0, 0, 0, 1)
7.021005,(-5.007, -1.5, -4.35),(0, 0, 0, 1)
7.043039,(-5.007, -1.5, -4.35),(0, 0, 0, 1)
7.062017,(-5.007, -1.5, -4.35),(0, 0, 0, 1)
7.080549,(-5.007, -1.5, -4.35),(0, 0, 0, 1)
7.102019,(-5.007, -1.5, -4.35),(0, 0, 0, 1)
7.120657,(-5.007, -1.5, -4.35),(0, 0, 0, 1)
7.1392,(-5.007, -1.5, -4.35),(0, 0, 0, 1)
7.157878,(-5.007, -1.5, -4.35),(0, 0, 0, 1)
7.176527,(-5.007, -1.5, -4.35),(0, 0, 0, 1)
7.195191,(-5.007, -1.5, -4.35),(0, 0, 0, 1)
7.213871,(-5.007, -1.5, -4.35),(0, 0, 0, 1)
7.232311,(-5.007, -1.5, -4.35),(0, 0, 0, 1)
7.254413,(-5.007, -1.5, -4.35),(0, 0, 0, 1)
7.273221,(-5.007, -1.5, -4.35),(0, 0, 0, 1)
7.291931,(-5.007, -1.5, -4.35),(0, 0, 0, 1)
7.312438,(-5.007, -1.5, -4.35),(0, 0, 0, 1)
7.331588,(-5.007, -1.5, -4.35),(0, 0, 0, 1)
7.35113,(-5.007, -1.5, -4.35),(0, 0, 0, 1)
7.37072,(-5.007, -1.5, -4.35),(0, 0, 0, 1)
7.389833,(-5.007, -1.5, -4.35),(0, 0, 0, 1)
7.409072,(-5.007, -1.5, -4.35),(0, 0, 0, 1)
7.427877,(-5.007, -1.5, -4.35),(0, 0, 0, 1)
7.447597,(-5.007, -1.5, -4.35),(0, 0, 0, 1)
7.470201,(-5.007, -1.5, -4.35),(0, 0, 0, 1)
7.489439,(-5.007, -1.5, -4.35),(0, 0, 0, 1)
7.508687,(-5.007, -1.5, -4.35),(0, 0, 0, 1)
7.527662,(-5.007, -1.5, -4.35),(0, 0, 0, 1)
7.546909,(-5.007, -1.5, -4.35),(0, 0, 0, 1)
7.56591,(-5.007, -1.5, -4.35),(0, 0, 0, 1)
7.584736,(-5.007, -1.5, -4.35),(0, 0, 0, 1)
7.603349,(-5.007, -1.5, -4.35),(0, 0, 0, 1)
7.622134,(-5.007, -1.5, -4.35),(0, 0, 0, 1)
7.640946,(-5.007, -1.5, -4.35),(0, 0, 0, 1)
7.659471,(-5.007, -1.5, -4.35),(0, 0, 0, 1)
7.684322,(-5.007, -1.5, -4.35),(0, 0, 0, 1)
7.703025,(-5.007, -1.5, -4.35),(0, 0, 0, 1)
7.722047,(-5.007, -1.5, -4.35),(0, 0, 0, 1)
7.741092,(-5.007, -1.5, -4.35),(0, 0, 0, 1)
7.759673,(-5.007, -1.5, -4.35),(0, 0, 0, 1)
7.778509,(-5.007, -1.5, -4.35),(0, 0, 0, 1)
7.797075,(-5.007, -1.5, -4.35),(0, 0, 0, 1)
7.815666,(-5.007, -1.5, -4.35),(0, 0, 0, 1)
7.834527,(-5.007, -1.5, -4.35),(0, 0, 0, 1)
7.85321,(-5.007, -1.5, -4.35),(0, 0, 0, 1)
7.871843,(-5.007, -1.5, -4.35),(0, 0, 0, 1)
7.89315,(-5.007, -1.5, -4.35),(0, 0, 0, 1)
7.91164,(-5.007, -1.5, -4.35),(0, 0, 0, 1)
7.930337,(-5.007, -1.5, -4.35),(0, 0, 0, 1)
7.948998,(-5.007, -1.5, -4.35),(0, 0, 0, 1)
7.967531,(-5.007, -1.5, -4.35),(0, 0, 0, 1)
7.986537,(-5.007, -1.5, -4.35),(0, 0, 0, 1)
8.005059,(-5.007, -1.5, -4.35),(0, 0, 0, 1)
8.023519,(-5.007, -1.5, -4.35),(0, 0, 0, 1)
8.042048,(-5.007, -1.5, -4.35),(0, 0, 0, 1)
8.060674,(-5.007, -1.5, -4.35),(0, 0, 0, 1)
8.079213,(-5.007, -1.5, -4.35),(0, 0, 0, 1)
8.100391,(-5.007, -1.5, -4.35),(0, 0, 0, 1)
8.119063,(-5.007, -1.5, -4.35),(0, 0, 0, 1)
8.138069,(-5.007, -1.5, -4.35),(0, 0, 0, 1)
8.15674,(-5.007, -1.5, -4.35),(0, 0, 0, 1)
8.175345,(-5.007, -1.5, -4.35),(0, 0, 0, 1)
8.193919,(-5.007, -1.5, -4.35),(0, 0, 0, 1)
8.212495,(-5.007, -1.5, -4.35),(0, 0, 0, 1)
8.231301,(-5.007, -1.5, -4.35),(0, 0, 0, 1)
8.252964,(-5.007, -1.5, -4.35),(0, 0, 0, 1)
8.27193,(-5.007, -1.5, -4.35),(0, 0, 0, 1)
8.291027,(-5.007, -1.5, -4.35),(0, 0, 0, 1)
8.313928,(-5.007, -1.5, -4.35),(0, 0, 0, 1)
8.332785,(-5.007, -1.5, -4.35),(0, 0, 0, 1)
8.351679,(-5.007, -1.5, -4.35),(0, 0, 0, 1)
8.370665,(-5.007, -1.5, -4.35),(0, 0, 0, 1)
8.389686,(-5.007, -1.5, -4.35),(0, 0, 0, 1)
8.411317,(-5.007, -1.5, -4.35),(0, 0, 0, 1)
8.432732,(-5.007, -1.5, -4.35),(0, 0, 0, 1)
8.453913,(-5.007, -1.5, -4.35),(0, 0, 0, 1)
8.475002,(-5.007, -1.5, -4.35),(0, 0, 0, 1)
8.496568,(-5.007, -1.5, -4.35),(0, 0, 0, 1)
8.517724,(-5.007, -1.5, -4.35),(0, 0, 0, 1)
8.539714,(-5.007, -1.5, -4.35),(0, 0, 0, 1)
8.561017,(-5.007, -1.5, -4.35),(0, 0, 0, 1)
8.582034,(-5.007, -1.5, -4.35),(0, 0, 0, 1)
8.600723,(-5.007, -1.5, -4.35),(0, 0, 0, 1)
8.619537,(-5.007, -1.5, -4.35),(0, 0, 0, 1)
8.638349,(-5.007, -1.5, -4.35),(0, 0, 0, 1)
8.657714,(-5.007, -1.5, -4.35),(0, 0, 0, 1)
8.679287,(-5.007, -1.5, -4.35),(0, 0, 0, 1)
8.700946,(-5.007, -1.5, -4.35),(0, 0, 0, 1)
8.722726,(-5.007, -1.5, -4.35),(0, 0, 0, 1)
8.744793,(-5.007, -1.5, -4.35),(0, 0, 0, 1)
8.766662,(-5.007, -1.5, -4.35),(0, 0, 0, 1)
8.787872,(-5.007, -1.5, -4.35),(0, 0, 0, 1)
8.811554,(-5.007, -1.5, -4.35),(0, 0, 0, 1)
8.832734,(-5.007, -1.5, -4.35),(0, 0, 0, 1)
8.85467,(-5.007, -1.5, -4.35),(0, 0, 0, 1)
8.875758,(-5.007, -1.5, -4.35),(0, 0, 0, 1)
8.897362,(-5.007, -1.5, -4.35),(0, 0, 0, 1)
8.918706,(-5.007, -1.5, -4.35),(0, 0, 0, 1)
8.9409,(-5.007, -1.5, -4.35),(0, 0, 0, 1)
8.962128,(-5.007, -1.5, -4.35),(0, 0, 0, 1)
8.983987,(-5.007, -1.5, -4.35),(0, 0, 0, 1)
9.01601,(-5.007, -1.5, -4.35),(0, 0, 0, 1)
9.038146,(-5.007, -1.5, -4.35),(0, 0, 0, 1)
9.058048,(-5.007, -1.5, -4.35),(0, 0, 0, 1)
9.077736,(-5.007, -1.5, -4.35),(0, 0, 0, 1)
9.096489,(-5.007, -1.5, -4.35),(0, 0, 0, 1)
9.114873,(-5.007, -1.5, -4.35),(0, 0, 0, 1)
9.133524,(-5.007, -1.5, -4.35),(0, 0, 0, 1)
9.155669,(-5.007, -1.5, -4.35),(0, 0, 0, 1)
9.1744,(-5.007, -1.5, -4.35),(0, 0, 0, 1)
9.192924,(-5.007, -1.5, -4.35),(0, 0, 0, 1)
9.211584,(-5.007, -1.5, -4.35),(0, 0, 0, 1)
9.230445,(-5.007, -1.5, -4.35),(0, 0, 0, 1)
9.250093,(-5.007, -1.5, -4.35),(0, 0, 0, 1)
9.270789,(-5.007, -1.5, -4.35),(0, 0, 0, 1)
9.291067,(-5.007, -1.5, -4.35),(0, 0, 0, 1)
9.313096,(-5.007, -1.5, -4.35),(0, 0, 0, 1)
9.332965,(-5.007, -1.5, -4.35),(0, 0, 0, 1)
9.353669,(-5.007, -1.5, -4.35),(0, 0, 0, 1)
9.376424,(-5.007, -1.5, -4.35),(0, 0, 0, 1)
9.399681,(-5.007, -1.5, -4.35),(0, 0, 0, 1)
9.420133,(-5.007, -1.5, -4.35),(0, 0, 0, 1)
9.44077,(-5.007, -1.5, -4.35),(0, 0, 0, 1)
9.46075,(-5.007, -1.5, -4.35),(0, 0, 0, 1)
9.480242,(-5.007, -1.5, -4.35),(0, 0, 0, 1)
9.499228,(-5.007, -1.5, -4.35),(0, 0, 0, 1)
9.518463,(-5.007, -1.5, -4.35),(0, 0, 0, 1)
9.537518,(-5.007, -1.5, -4.35),(0, 0, 0, 1)
9.556415,(-5.007, -1.5, -4.35),(0, 0, 0, 1)
9.578447,(-5.007, -1.5, -4.35),(0, 0, 0, 1)
9.597481,(-5.007, -1.5, -4.35),(0, 0, 0, 1)
9.616705,(-5.007, -1.5, -4.35),(0, 0, 0, 1)
9.638584,(-5.007, -1.5, -4.35),(0, 0, 0, 1)
9.660043,(-5.007, -1.5, -4.35),(0, 0, 0, 1)
9.681718,(-5.007, -1.5, -4.35),(0, 0, 0, 1)
9.703346,(-5.007, -1.5, -4.35),(0, 0, 0, 1)
9.725019,(-5.007, -1.5, -4.35),(0, 0, 0, 1)
9.746631,(-5.007, -1.5, -4.35),(0, 0, 0, 1)
9.768453,(-5.007, -1.5, -4.35),(0, 0, 0, 1)
9.790197,(-5.007, -1.5, -4.35),(0, 0, 0, 1)
9.811607,(-5.007, -1.5, -4.35),(0, 0, 0, 1)
9.830777,(-5.007, -1.5, -4.35),(0, 0, 0, 1)
9.84989,(-5.007, -1.5, -4.35),(0, 0, 0, 1)
9.869294,(-5.007, -1.5, -4.35),(0, 0, 0, 1)
9.890367,(-5.007, -1.5, -4.35),(0, 0, 0, 1)
9.909396,(-5.007, -1.5, -4.35),(0, 0, 0, 1)
9.930886,(-5.007, -1.5, -4.35),(0, 0, 0, 1)
9.952127,(-5.007, -1.5, -4.35),(0, 0, 0, 1)
9.970763,(-5.007, -1.5, -4.35),(0, 0, 0, 1)
9.991801,(-5.007, -1.5, -4.35),(0, 0, 0, 1)
10.32513,(-5.007, -1.5, -4.35),(0, 0, 0, 1)
10.36295,(-5.007, -1.5, -4.35),(0, 0, 0, 1)
10.38431,(-5.007, -1.5, -4.35),(0, 0, 0, 1)
10.40543,(-5.007, -1.5, -4.35),(0, 0, 0, 1)
10.42696,(-5.007, -1.5, -4.35),(0, 0, 0, 1)
10.44791,(-5.007, -1.5, -4.35),(0, 0, 0, 1)
10.46915,(-5.007, -1.5, -4.35),(0, 0, 0, 1)
10.49713,(-5.007, -1.5, -4.35),(0, 0, 0, 1)
10.51836,(-5.007, -1.5, -4.35),(0, 0, 0, 1)
10.5396,(-5.007, -1.5, -4.35),(0, 0, 0, 1)
10.56098,(-5.007, -1.5, -4.35),(0, 0, 0, 1)
10.58213,(-5.007, -1.5, -4.35),(0, 0, 0, 1)
10.60313,(-5.007, -1.5, -4.35),(0, 0, 0, 1)
10.62496,(-5.007, -1.5, -4.35),(0, 0, 0, 1)
10.64597,(-5.007, -1.5, -4.35),(0, 0, 0, 1)
10.66708,(-5.007, -1.5, -4.35),(0, 0, 0, 1)
10.6882,(-5.007, -1.5, -4.35),(0, 0, 0, 1)
10.71024,(-5.007, -1.5, -4.35),(0, 0, 0, 1)
10.73431,(-5.007, -1.5, -4.35),(0, 0, 0, 1)
10.75601,(-5.007, -1.5, -4.35),(0, 0, 0, 1)
10.7772,(-5.007, -1.5, -4.35),(0, 0, 0, 1)
10.79905,(-5.007, -1.5, -4.35),(0, 0, 0, 1)
10.82115,(-5.007, -1.5, -4.35),(0, 0, 0, 1)
10.84234,(-5.007, -1.5, -4.35),(0, 0, 0, 1)
10.86356,(-5.007, -1.5, -4.35),(0, 0, 0, 1)
10.88494,(-5.007, -1.5, -4.35),(0, 0, 0, 1)
10.90696,(-5.007, -1.5, -4.35),(0, 0, 0, 1)
10.92843,(-5.007, -1.5, -4.35),(0, 0, 0, 1)
10.94993,(-5.007, -1.5, -4.35),(0, 0, 0, 1)
10.97218,(-5.007, -1.5, -4.35),(0, 0, 0, 1)
10.99406,(-5.007, -1.5, -4.35),(0, 0, 0, 1)
11.01595,(-5.007, -1.5, -4.35),(0, 0, 0, 1)
11.03906,(-5.007, -1.5, -4.35),(0, 0, 0, 1)
11.06057,(-5.007, -1.5, -4.35),(0, 0, 0, 1)
11.08159,(-5.007, -1.5, -4.35),(0, 0, 0, 1)
11.10021,(-5.007, -1.5, -4.35),(0, 0, 0, 1)
11.11944,(-5.007, -1.5, -4.35),(0, 0, 0, 1)
11.14121,(-5.007, -1.5, -4.35),(0, 0, 0, 1)
11.16243,(-5.007, -1.5, -4.35),(0, 0, 0, 1)
11.18113,(-5.007, -1.5, -4.35),(0, 0, 0, 1)
11.20166,(-5.007, -1.5, -4.35),(0, 0, 0, 1)
11.2208,(-5.007, -1.5, -4.35),(0, 0, 0, 1)
11.23947,(-5.007, -1.5, -4.35),(0, 0, 0, 1)
11.2585,(-5.007, -1.5, -4.35),(0, 0, 0, 1)
11.28322,(-5.007, -1.5, -4.35),(0, 0, 0, 1)
11.30278,(-5.007, -1.5, -4.35),(0, 0, 0, 1)
11.3222,(-5.007, -1.5, -4.35),(0, 0, 0, 1)
11.34158,(-5.007, -1.5, -4.35),(0, 0, 0, 1)
11.36063,(-5.007, -1.5, -4.35),(0, 0, 0, 1)
11.38009,(-5.007, -1.5, -4.35),(0, 0, 0, 1)
11.40252,(-5.007, -1.5, -4.35),(0, 0, 0, 1)
11.42397,(-5.007, -1.5, -4.35),(0, 0, 0, 1)
11.44497,(-5.007, -1.5, -4.35),(0, 0, 0, 1)
11.46627,(-5.007, -1.5, -4.35),(0, 0, 0, 1)
11.48756,(-5.007, -1.5, -4.35),(0, 0, 0, 1)
11.5062,(-5.007, -1.5, -4.35),(0, 0, 0, 1)
11.52519,(-5.007, -1.5, -4.35),(0, 0, 0, 1)
11.54392,(-5.007, -1.5, -4.35),(0, 0, 0, 1)
11.56268,(-5.007, -1.5, -4.35),(0, 0, 0, 1)
11.58142,(-5.007, -1.5, -4.35),(0, 0, 0, 1)
11.60004,(-5.007, -1.5, -4.35),(0, 0, 0, 1)
11.62048,(-5.007, -1.5, -4.35),(0, 0, 0, 1)
11.67168,(-5.007, -1.5, -4.35),(0, 0, 0, 1)
11.69592,(-5.007, -1.5, -4.35),(0, 0, 0, 1)
11.71838,(-5.007, -1.5, -4.35),(0, 0, 0, 1)
11.73929,(-5.007, -1.5, -4.35),(0, 0, 0, 1)
11.76124,(-5.007, -1.5, -4.35),(0, 0, 0, 1)
11.78371,(-5.007, -1.5, -4.35),(0, 0, 0, 1)
11.8058,(-5.007, -1.5, -4.35),(0, 0, 0, 1)
11.8274,(-5.007, -1.5, -4.35),(0, 0, 0, 1)
11.85136,(-5.007, -1.5, -4.35),(0, 0, 0, 1)
11.87332,(-5.007, -1.5, -4.35),(0, 0, 0, 1)
11.89502,(-5.007, -1.5, -4.35),(0, 0, 0, 1)
11.91678,(-5.007, -1.5, -4.35),(0, 0, 0, 1)
11.93904,(-5.007, -1.5, -4.35),(0, 0, 0, 1)
11.96039,(-5.007, -1.5, -4.35),(0, 0, 0, 1)
11.98283,(-5.007, -1.5, -4.35),(0, 0, 0, 1)
12.01762,(-5.007, -1.5, -4.35),(0, 0, 0, 1)
12.04776,(-5.007, -1.5, -4.35),(0, 0, 0, 1)
12.07637,(-5.007, -1.5, -4.35),(0, 0, 0, 1)
12.10261,(-5.007, -1.5, -4.35),(0, 0, 0, 1)
12.12547,(-5.007, -1.5, -4.35),(0, 0, 0, 1)
12.14794,(-5.007, -1.5, -4.35),(0, 0, 0, 1)
12.17004,(-5.007, -1.5, -4.35),(0, 0, 0, 1)
12.19212,(-5.007, -1.5, -4.35),(0, 0, 0, 1)
12.21351,(-5.007, -1.5, -4.35),(0, 0, 0, 1)
12.2357,(-5.007, -1.5, -4.35),(0, 0, 0, 1)
12.25687,(-5.007, -1.5, -4.35),(0, 0, 0, 1)
12.27831,(-5.007, -1.5, -4.35),(0, 0, 0, 1)
12.2998,(-5.007, -1.5, -4.35),(0, 0, 0, 1)
12.3198,(-5.007, -1.5, -4.35),(0, 0, 0, 1)
12.34177,(-5.007, -1.5, -4.35),(0, 0, 0, 1)
12.36679,(-5.007, -1.5, -4.35),(0, 0, 0, 1)
12.38806,(-5.007, -1.5, -4.35),(0, 0, 0, 1)
12.40723,(-5.007, -1.5, -4.35),(0, 0, 0, 1)
12.42625,(-5.007, -1.5, -4.35),(0, 0, 0, 1)
12.44501,(-5.007, -1.5, -4.35),(0, 0, 0, 1)
12.46381,(-5.007, -1.5, -4.35),(0, 0, 0, 1)
12.48529,(-5.007, -1.5, -4.35),(0, 0, 0, 1)
12.50415,(-5.007, -1.5, -4.35),(0, 0, 0, 1)
12.52341,(-5.007, -1.5, -4.35),(0, 0, 0, 1)
12.54264,(-5.007, -1.5, -4.35),(0, 0, 0, 1)
12.56213,(-5.007, -1.5, -4.35),(0, 0, 0, 1)
12.58098,(-5.007, -1.5, -4.35),(0, 0, 0, 1)
12.59951,(-5.007, -1.5, -4.35),(0, 0, 0, 1)
12.61816,(-5.007, -1.5, -4.35),(0, 0, 0, 1)
12.63677,(-5.007, -1.5, -4.35),(0, 0, 0, 1)
12.65535,(-5.007, -1.5, -4.35),(0, 0, 0, 1)
12.6739,(-5.007, -1.5, -4.35),(0, 0, 0, 1)
12.69523,(-5.007, -1.5, -4.35),(0, 0, 0, 1)
12.71407,(-5.007, -1.5, -4.35),(0, 0, 0, 1)
12.73267,(-5.007, -1.5, -4.35),(0, 0, 0, 1)
12.75126,(-5.007, -1.5, -4.35),(0, 0, 0, 1)
12.76987,(-5.007, -1.5, -4.35),(0, 0, 0, 1)
12.7885,(-5.007, -1.5, -4.35),(0, 0, 0, 1)
12.80729,(-5.007, -1.5, -4.35),(0, 0, 0, 1)
12.82621,(-5.007, -1.5, -4.35),(0, 0, 0, 1)
12.84488,(-5.007, -1.5, -4.35),(0, 0, 0, 1)
12.86362,(-5.007, -1.5, -4.35),(0, 0, 0, 1)
12.88391,(-5.007, -1.5, -4.35),(0, 0, 0, 1)
12.93534,(-5.007, -1.5, -4.35),(0, 0, 0, 1)
12.95463,(-5.007, -1.5, -4.35),(0, 0, 0, 1)
12.97633,(-5.007, -1.5, -4.35),(0, 0, 0, 1)
12.99499,(-5.007, -1.5, -4.35),(0, 0, 0, 1)
13.01373,(-5.007, -1.5, -4.35),(0, 0, 0, 1)
13.03238,(-5.007, -1.5, -4.35),(0, 0, 0, 1)
13.05202,(-5.007, -1.5, -4.35),(0, 0, 0, 1)
13.07122,(-5.007, -1.5, -4.35),(0, 0, 0, 1)
13.09034,(-5.007, -1.5, -4.35),(0, 0, 0, 1)
13.11203,(-5.007, -1.5, -4.35),(0, 0, 0, 1)
13.13091,(-5.007, -1.5, -4.35),(0, 0, 0, 1)
13.15057,(-5.007, -1.5, -4.35),(0, 0, 0, 1)
13.17255,(-5.007, -1.5, -4.35),(0, 0, 0, 1)
13.1947,(-5.007, -1.5, -4.35),(0, 0, 0, 1)
13.21715,(-5.007, -1.5, -4.35),(0, 0, 0, 1)
13.23863,(-5.007, -1.5, -4.35),(0, 0, 0, 1)
13.26041,(-5.007, -1.5, -4.35),(0, 0, 0, 1)
13.28237,(-5.007, -1.5, -4.35),(0, 0, 0, 1)
13.30407,(-5.007, -1.5, -4.35),(0, 0, 0, 1)
13.32602,(-5.007, -1.5, -4.35),(0, 0, 0, 1)
13.34738,(-5.007, -1.5, -4.35),(0, 0, 0, 1)
13.36961,(-5.007, -1.5, -4.35),(0, 0, 0, 1)
13.3913,(-5.007, -1.5, -4.35),(0, 0, 0, 1)
13.41294,(-5.007, -1.5, -4.35),(0, 0, 0, 1)
13.43443,(-5.007, -1.5, -4.35),(0, 0, 0, 1)
13.45538,(-5.007, -1.5, -4.35),(0, 0, 0, 1)
13.4795,(-5.007, -1.5, -4.35),(0, 0, 0, 1)
13.50139,(-5.007, -1.5, -4.35),(0, 0, 0, 1)
13.52417,(-5.007, -1.5, -4.35),(0, 0, 0, 1)
13.54667,(-5.007, -1.5, -4.35),(0, 0, 0, 1)
13.56838,(-5.007, -1.5, -4.35),(0, 0, 0, 1)
13.59044,(-5.007, -1.5, -4.35),(0, 0, 0, 1)
13.61263,(-5.007, -1.5, -4.35),(0, 0, 0, 1)
13.63475,(-5.007, -1.5, -4.35),(0, 0, 0, 1)
13.65647,(-5.007, -1.5, -4.35),(0, 0, 0, 1)
13.67884,(-5.007, -1.5, -4.35),(0, 0, 0, 1)
13.70256,(-5.007, -1.5, -4.35),(0, 0, 0, 1)
13.72656,(-5.007, -1.5, -4.35),(0, 0, 0, 1)
13.74813,(-5.007, -1.5, -4.35),(0, 0, 0, 1)
13.7691,(-5.007, -1.5, -4.35),(0, 0, 0, 1)
13.78776,(-5.007, -1.5, -4.35),(0, 0, 0, 1)
13.80643,(-5.007, -1.5, -4.35),(0, 0, 0, 1)
13.82516,(-5.007, -1.5, -4.35),(0, 0, 0, 1)
13.84398,(-5.007, -1.5, -4.35),(0, 0, 0, 1)
13.86297,(-5.007, -1.5, -4.35),(0, 0, 0, 1)
13.88203,(-5.007, -1.5, -4.35),(0, 0, 0, 1)
13.90098,(-5.007, -1.5, -4.35),(0, 0, 0, 1)
13.91979,(-5.007, -1.5, -4.35),(0, 0, 0, 1)
13.9387,(-5.007, -1.5, -4.35),(0, 0, 0, 1)
13.95984,(-5.007, -1.5, -4.35),(0, 0, 0, 1)
13.9786,(-5.007, -1.5, -4.35),(0, 0, 0, 1)
14.00035,(-5.007, -1.5, -4.35),(0, 0, 0, 1)
14.01921,(-5.007, -1.5, -4.35),(0, 0, 0, 1)
14.0393,(-5.007, -1.5, -4.35),(0, 0, 0, 1)
14.0582,(-5.007, -1.5, -4.35),(0, 0, 0, 1)
14.07677,(-5.007, -1.5, -4.35),(0, 0, 0, 1)
14.09544,(-5.007, -1.5, -4.35),(0, 0, 0, 1)
14.11408,(-5.007, -1.5, -4.35),(0, 0, 0, 1)
14.13283,(-5.007, -1.5, -4.35),(0, 0, 0, 1)
14.15172,(-5.007, -1.5, -4.35),(0, 0, 0, 1)
14.17304,(-5.007, -1.5, -4.35),(0, 0, 0, 1)
14.19209,(-5.007, -1.5, -4.35),(0, 0, 0, 1)
14.211,(-5.007, -1.5, -4.35),(0, 0, 0, 1)
14.22979,(-5.007, -1.5, -4.35),(0, 0, 0, 1)
14.25034,(-5.007, -1.5, -4.35),(0, 0, 0, 1)
14.26903,(-5.007, -1.5, -4.35),(0, 0, 0, 1)
14.28754,(-5.007, -1.5, -4.35),(0, 0, 0, 1)
14.30636,(-5.007, -1.5, -4.35),(0, 0, 0, 1)
14.32506,(-5.007, -1.5, -4.35),(0, 0, 0, 1)
14.34388,(-5.007, -1.5, -4.35),(0, 0, 0, 1)
14.36249,(-5.007, -1.5, -4.35),(0, 0, 0, 1)
14.38399,(-5.007, -1.5, -4.35),(0, 0, 0, 1)
14.40269,(-5.007, -1.5, -4.35),(0, 0, 0, 1)
14.42123,(-5.007, -1.5, -4.35),(0, 0, 0, 1)
14.43991,(-5.007, -1.5, -4.35),(0, 0, 0, 1)
14.45896,(-5.007, -1.5, -4.35),(0, 0, 0, 1)
14.47753,(-5.007, -1.5, -4.35),(0, 0, 0, 1)
14.49611,(-5.007, -1.5, -4.35),(0, 0, 0, 1)
14.51496,(-5.007, -1.5, -4.35),(0, 0, 0, 1)
14.53414,(-5.007, -1.5, -4.35),(0, 0, 0, 1)
14.55315,(-5.007, -1.5, -4.35),(0, 0, 0, 1)
14.57494,(-5.007, -1.5, -4.35),(0, 0, 0, 1)
14.59595,(-5.007, -1.5, -4.35),(0, 0, 0, 1)
14.61466,(-5.007, -1.5, -4.35),(0, 0, 0, 1)
14.6333,(-5.007, -1.5, -4.35),(0, 0, 0, 1)
14.65211,(-5.007, -1.5, -4.35),(0, 0, 0, 1)
14.67083,(-5.007, -1.5, -4.35),(0, 0, 0, 1)
14.68982,(-5.007, -1.5, -4.35),(0, 0, 0, 1)
14.70858,(-5.007, -1.5, -4.35),(0, 0, 0, 1)
14.72727,(-5.007, -1.5, -4.35),(0, 0, 0, 1)
14.74635,(-5.007, -1.5, -4.35),(0, 0, 0, 1)
14.76555,(-5.007, -1.5, -4.35),(0, 0, 0, 1)
14.78451,(-5.007, -1.5, -4.35),(0, 0, 0, 1)
14.80562,(-5.007, -1.5, -4.35),(0, 0, 0, 1)
14.82425,(-5.007, -1.5, -4.35),(0, 0, 0, 1)
14.84281,(-5.007, -1.5, -4.35),(0, 0, 0, 1)
14.86151,(-5.007, -1.5, -4.35),(0, 0, 0, 1)
14.88028,(-5.007, -1.5, -4.35),(0, 0, 0, 1)
14.8989,(-5.007, -1.5, -4.35),(0, 0, 0, 1)
14.91784,(-5.007, -1.5, -4.35),(0, 0, 0, 1)
14.93659,(-5.007, -1.5, -4.35),(0, 0, 0, 1)
14.95542,(-5.007, -1.5, -4.35),(0, 0, 0, 1)
14.97419,(-5.007, -1.5, -4.35),(0, 0, 0, 1)
14.99344,(-5.007, -1.5, -4.35),(0, 0, 0, 1)
15.01478,(-5.007, -1.5, -4.35),(0, 0, 0, 1)
15.03351,(-5.007, -1.5, -4.35),(0, 0, 0, 1)
15.0523,(-5.007, -1.5, -4.35),(0, 0, 0, 1)
15.07169,(-5.007, -1.5, -4.35),(0, 0, 0, 1)
15.09071,(-5.007, -1.5, -4.35),(0, 0, 0, 1)
15.10961,(-5.007, -1.5, -4.35),(0, 0, 0, 1)
15.12871,(-5.007, -1.5, -4.35),(0, 0, 0, 1)
15.15025,(-5.007, -1.5, -4.35),(0, 0, 0, 1)
15.16902,(-5.007, -1.5, -4.35),(0, 0, 0, 1)
15.18866,(-5.007, -1.5, -4.35),(0, 0, 0, 1)
15.21047,(-5.007, -1.5, -4.35),(0, 0, 0, 1)
15.23355,(-5.007, -1.5, -4.35),(0, 0, 0, 1)
15.25493,(-5.007, -1.5, -4.35),(0, 0, 0, 1)
15.27661,(-5.007, -1.5, -4.35),(0, 0, 0, 1)
15.29837,(-5.007, -1.5, -4.35),(0, 0, 0, 1)
15.32039,(-5.007, -1.5, -4.35),(0, 0, 0, 1)
15.3426,(-5.007, -1.5, -4.35),(0, 0, 0, 1)
15.36483,(-5.007, -1.5, -4.35),(0, 0, 0, 1)
15.38622,(-5.007, -1.5, -4.35),(0, 0, 0, 1)
15.40503,(-5.007, -1.5, -4.35),(0, 0, 0, 1)
15.42488,(-5.007, -1.5, -4.35),(0, 0, 0, 1)
15.4467,(-5.007, -1.5, -4.35),(0, 0, 0, 1)
15.46863,(-5.007, -1.5, -4.35),(0, 0, 0, 1)
15.49097,(-5.007, -1.5, -4.35),(0, 0, 0, 1)
15.51306,(-5.007, -1.5, -4.35),(0, 0, 0, 1)
15.53525,(-5.007, -1.5, -4.35),(0, 0, 0, 1)
15.55682,(-5.007, -1.5, -4.35),(0, 0, 0, 1)
15.57695,(-5.007, -1.5, -4.35),(0, 0, 0, 1)
15.59598,(-5.007, -1.5, -4.35),(0, 0, 0, 1)
15.61491,(-5.007, -1.5, -4.35),(0, 0, 0, 1)
15.63391,(-5.007, -1.5, -4.35),(0, 0, 0, 1)
15.65502,(-5.007, -1.5, -4.35),(0, 0, 0, 1)
15.67829,(-5.007, -1.5, -4.35),(0, 0, 0, 1)
15.6996,(-5.007, -1.5, -4.35),(0, 0, 0, 1)
15.71851,(-5.007, -1.5, -4.35),(0, 0, 0, 1)
15.73796,(-5.007, -1.5, -4.35),(0, 0, 0, 1)
15.75977,(-5.007, -1.5, -4.35),(0, 0, 0, 1)
15.78145,(-5.007, -1.5, -4.35),(0, 0, 0, 1)
15.8039,(-5.007, -1.5, -4.35),(0, 0, 0, 1)
15.82599,(-5.007, -1.5, -4.35),(0, 0, 0, 1)
15.84695,(-5.007, -1.5, -4.35),(0, 0, 0, 1)
15.86871,(-5.007, -1.5, -4.35),(0, 0, 0, 1)
15.88999,(-5.007, -1.5, -4.35),(0, 0, 0, 1)
15.91199,(-5.007, -1.5, -4.35),(0, 0, 0, 1)
15.9339,(-5.007, -1.5, -4.35),(0, 0, 0, 1)
15.95528,(-5.007, -1.5, -4.35),(0, 0, 0, 1)
15.97694,(-5.007, -1.5, -4.35),(0, 0, 0, 1)
15.99901,(-5.007, -1.5, -4.35),(0, 0, 0, 1)
16.02076,(-5.007, -1.5, -4.35),(0, 0, 0, 1)
16.04469,(-5.007, -1.5, -4.35),(0, 0, 0, 1)
16.06498,(-5.007, -1.5, -4.35),(0, 0, 0, 1)
16.09201,(-5.007, -1.5, -4.35),(0, 0, 0, 1)
16.11451,(-5.007, -1.5, -4.35),(0, 0, 0, 1)
16.13534,(-5.007, -1.5, -4.35),(0, 0, 0, 1)
16.156,(-5.007, -1.5, -4.35),(0, 0, 0, 1)
16.17593,(-5.007, -1.5, -4.35),(0, 0, 0, 1)
16.19605,(-5.007, -1.5, -4.35),(0, 0, 0, 1)
16.21675,(-5.007, -1.5, -4.35),(0, 0, 0, 1)
16.24044,(-5.007, -1.5, -4.35),(0, 0, 0, 1)
16.26027,(-5.007, -1.5, -4.35),(0, 0, 0, 1)
16.28009,(-5.007, -1.5, -4.35),(0, 0, 0, 1)
16.30179,(-5.007, -1.5, -4.35),(0, 0, 0, 1)
16.32027,(-5.007, -1.5, -4.35),(0, 0, 0, 1)
16.33923,(-5.007, -1.5, -4.35),(0, 0, 0, 1)
16.35895,(-5.007, -1.5, -4.35),(0, 0, 0, 1)
16.37896,(-5.007, -1.5, -4.35),(0, 0, 0, 1)
16.39989,(-5.007, -1.5, -4.35),(0, 0, 0, 1)
16.41885,(-5.007, -1.5, -4.35),(0, 0, 0, 1)
16.43786,(-5.007, -1.5, -4.35),(0, 0, 0, 1)
16.45685,(-5.007, -1.5, -4.35),(0, 0, 0, 1)
16.47551,(-5.007, -1.5, -4.35),(0, 0, 0, 1)
16.49509,(-5.007, -1.5, -4.35),(0, 0, 0, 1)
16.51619,(-5.007, -1.5, -4.35),(0, 0, 0, 1)
16.53599,(-5.007, -1.5, -4.35),(0, 0, 0, 1)
16.55482,(-5.007, -1.5, -4.35),(0, 0, 0, 1)
16.57385,(-5.007, -1.5, -4.35),(0, 0, 0, 1)
16.59361,(-5.007, -1.5, -4.35),(0, 0, 0, 1)
16.61435,(-5.007, -1.5, -4.35),(0, 0, 0, 1)
16.65943,(-5.007, -1.5, -4.35),(0, 0, 0, 1)
16.70168,(-5.007, -1.5, -4.35),(0, 0, 0, 1)
16.73082,(-5.007, -1.5, -4.35),(0, 0, 0, 1)
16.74914,(-5.007, -1.5, -4.35),(0, 0, 0, 1)
16.76756,(-5.007, -1.5, -4.35),(0, 0, 0, 1)
16.78596,(-5.007, -1.5, -4.35),(0, 0, 0, 1)
16.80508,(-5.007, -1.5, -4.35),(0, 0, 0, 1)
16.82622,(-5.007, -1.5, -4.35),(0, 0, 0, 1)
16.84618,(-5.007, -1.5, -4.35),(0, 0, 0, 1)
16.86486,(-5.007, -1.5, -4.35),(0, 0, 0, 1)
16.88799,(-5.007, -1.5, -4.35),(0, 0, 0, 1)
16.90778,(-5.007, -1.5, -4.35),(0, 0, 0, 1)
16.93097,(-5.007, -1.5, -4.35),(0, 0, 0, 1)
16.9508,(-5.007, -1.5, -4.35),(0, 0, 0, 1)
16.97028,(-5.007, -1.5, -4.35),(0, 0, 0, 1)
16.9889,(-5.007, -1.5, -4.35),(0, 0, 0, 1)
17.00768,(-5.007, -1.5, -4.35),(0, 0, 0, 1)
17.02754,(-5.007, -1.5, -4.35),(0, 0, 0, 1)
17.04674,(-5.007, -1.5, -4.35),(0, 0, 0, 1)
17.0653,(-5.007, -1.5, -4.35),(0, 0, 0, 1)
17.08398,(-5.007, -1.5, -4.35),(0, 0, 0, 1)
17.10242,(-5.007, -1.5, -4.35),(0, 0, 0, 1)
17.12146,(-5.007, -1.5, -4.35),(0, 0, 0, 1)
17.14238,(-5.007, -1.5, -4.35),(0, 0, 0, 1)
17.16092,(-5.007, -1.5, -4.35),(0, 0, 0, 1)
17.17959,(-5.007, -1.5, -4.35),(0, 0, 0, 1)
17.19812,(-5.007, -1.5, -4.35),(0, 0, 0, 1)
17.21815,(-5.007, -1.5, -4.35),(0, 0, 0, 1)
17.23818,(-5.007, -1.5, -4.35),(0, 0, 0, 1)
17.25806,(-5.007, -1.5, -4.35),(0, 0, 0, 1)
17.27862,(-5.007, -1.5, -4.35),(0, 0, 0, 1)
17.29917,(-5